846027862
265410039
583523797
449789320
395212262
442610822
756512126
108600433
351709007
526352704
594391599
962439953
961488793
101044237
175684093
363714829
240843381
841319086
608041437
997234184
349863343
239456160
739050977
607402921
328117305
761453923
537147444
276020175
939341909
969145815
678657598
383794773
633199375
234495710
228243127
548203293
552135880
472996309
913114028
794056588
515610360
314569699
782142028
240775830
994968505
253766213
341269482
910535404
927017122
938445865
588447380
201359977
901991056
760089305
487472578
621058717
509990191
936144225
464836536
743883503
735093277
849013179
461619606
191339587
255883872
665287175
480677650
346089730
873664302
527888391
263069139
508185341
497876435
642002410
482323095
775712738
677801039
498279186
133004030
873008628
688890517
782285066
338303987
485968259
591296324
250870158
329229293
770150547
535570628
313822802
278295709
463217171
350230689
724924612
276025198
810419994
177358762
946088582
423297138
592491785